000001001001111010111110110110000110000001001001111010000001110111100101111111010010010101000000000000000000000001110111100101000000101101101011000000000000000000111110010011000111000000000000000000111110111100101101
000000101101101011000000000000000000000001110111100101000001001001111010111110110110000110000001001001111010000001110111100101000000101101101011000000000000000000111110010011000111000000000000000000111110111100101101
000001001001111010000001001001111010000001001001111010000000101101101011000000000000000000000001110111100101000001110111100101000000101101101011000000000000000000111110010011000111000000000000000000111110111100101101
000000101101101011000000000000000000111110001000011011000001001001111010000001001001111010111110110110000110000001110111100101000000101101101011000000000000000000111110010011000111000000000000000000000001000011010011
000001001001111010111110110110000110111110110110000110000000101101101011000000000000000000111110001000011011000001110111100101000000101101101011000000000000000000111110010011000111000000000000000000000001000011010011
000001110111100101111111010010010101000000000000000000000001001001111010111110110110000110111110110110000110000001110111100101000000101101101011000000000000000000111110010011000111000000000000000000000001000011010011
111110110110000110111110110110000110111110110110000110111110001000011011111111010010010101000000000000000000111110001000011011000000101101101011000000000000000000000001101100111001000000000000000000000001000011010011
111111010010010101000000000000000000111110001000011011111110110110000110111110110110000110111110110110000110111110001000011011000000101101101011000000000000000000000001101100111001000000000000000000000001000011010011
111110110110000110000001001001111010111110110110000110111111010010010101000000000000000000111110001000011011111110001000011011000000101101101011000000000000000000000001101100111001000000000000000000000001000011010011
111111010010010101000000000000000000000001110111100101111110110110000110000001001001111010000001001001111010111110001000011011000000101101101011000000000000000000000001101100111001000000000000000000111110111100101101
111110110110000110111110110110000110000001001001111010111111010010010101000000000000000000000001110111100101111110001000011011000000101101101011000000000000000000000001101100111001000000000000000000111110111100101101
111110001000011011111111010010010101000000000000000000111110110110000110111110110110000110000001001001111010111110001000011011000000101101101011000000000000000000000001101100111001000000000000000000111110111100101101
000000000000000000000001110111100101111111010010010101111110110110000110000001001001111010111110110110000110111110001000011011000000101101101011000000000000000000000001000011010011111110010011000111000000000000000000
000000000000000000000001110111100101000000101101101011000000000000000000000001110111100101111111010010010101111110001000011011000000101101101011000000000000000000000001000011010011111110010011000111000000000000000000
111110110110000110000001001001111010000001001001111010000000000000000000000001110111100101000000101101101011111110001000011011000000101101101011000000000000000000000001000011010011111110010011000111000000000000000000
000000000000000000000001110111100101000000101101101011000001001001111010000001001001111010000001001001111010000001110111100101000000101101101011000000000000000000111110111100101101111110010011000111000000000000000000
000000000000000000000001110111100101111111010010010101000000000000000000000001110111100101000000101101101011000001110111100101000000101101101011000000000000000000111110111100101101111110010011000111000000000000000000
000001001001111010000001001001111010111110110110000110000000000000000000000001110111100101111111010010010101000001110111100101000000101101101011000000000000000000111110111100101101111110010011000111000000000000000000
000000000000000000111110001000011011111111010010010101000001001001111010111110110110000110111110110110000110000001110111100101111111010010010101000000000000000000111110111100101101000001101100111001000000000000000000
000000000000000000111110001000011011000000101101101011000000000000000000111110001000011011111111010010010101000001110111100101111111010010010101000000000000000000111110111100101101000001101100111001000000000000000000
000001001001111010111110110110000110000001001001111010000000000000000000111110001000011011000000101101101011000001110111100101111111010010010101000000000000000000111110111100101101000001101100111001000000000000000000
000000000000000000111110001000011011000000101101101011111110110110000110111110110110000110000001001001111010111110001000011011111111010010010101000000000000000000000001000011010011000001101100111001000000000000000000
000000000000000000111110001000011011111111010010010101000000000000000000111110001000011011000000101101101011111110001000011011111111010010010101000000000000000000000001000011010011000001101100111001000000000000000000
111110110110000110111110110110000110111110110110000110000000000000000000111110001000011011111111010010010101111110001000011011111111010010010101000000000000000000000001000011010011000001101100111001000000000000000000
111110110110000110111110110110000110111110110110000110111111010010010101000000000000000000111110001000011011000000101101101011000000000000000000111110001000011011000000000000000000000001000011010011000001101100111001
000000000000000000111110001000011011111111010010010101111110110110000110111110110110000110111110110110000110000000101101101011000000000000000000111110001000011011000000000000000000000001000011010011000001101100111001
000001001001111010111110110110000110111110110110000110000000000000000000111110001000011011111111010010010101000000101101101011000000000000000000111110001000011011000000000000000000000001000011010011000001101100111001
111111010010010101000000000000000000111110001000011011111110110110000110000001001001111010111110110110000110000000000000000000000001110111100101111111010010010101000000000000000000111110111100101101000001101100111001
000000101101101011000000000000000000111110001000011011111111010010010101000000000000000000111110001000011011000000000000000000000001110111100101111111010010010101000000000000000000111110111100101101000001101100111001
000001001001111010000001001001111010111110110110000110000000101101101011000000000000000000111110001000011011000000000000000000000001110111100101111111010010010101000000000000000000111110111100101101000001101100111001
000000101101101011000000000000000000000001110111100101000001001001111010000001001001111010000001001001111010000000000000000000000001110111100101000000101101101011000000000000000000111110111100101101111110010011000111
111111010010010101000000000000000000000001110111100101000000101101101011000000000000000000000001110111100101000000000000000000000001110111100101000000101101101011000000000000000000111110111100101101111110010011000111
111110110110000110000001001001111010000001001001111010111111010010010101000000000000000000000001110111100101000000000000000000000001110111100101000000101101101011000000000000000000111110111100101101111110010011000111
111111010010010101000000000000000000000001110111100101111110110110000110111110110110000110000001001001111010000000000000000000111110001000011011000000101101101011000000000000000000000001000011010011111110010011000111
000000101101101011000000000000000000000001110111100101111111010010010101000000000000000000000001110111100101000000000000000000111110001000011011000000101101101011000000000000000000000001000011010011111110010011000111
000001001001111010111110110110000110000001001001111010000000101101101011000000000000000000000001110111100101000000000000000000111110001000011011000000101101101011000000000000000000000001000011010011111110010011000111
